,Game,Plays,BGG Rank,BGG Rating,Your Rating,Users Rating,Utilisation
0,Jungle Speed,40,1382,6.5,9.0,11283,99.9%
1,Love Letter,39,282,7.2,10.0,55827,99.9%
2,Ultimate Werewolf: Ultimate Edition,18,972,7.0,8.0,3760,98.4%
3,King of Tokyo,13,313,7.2,9.0,57483,94.9%
4,For Sale,13,301,7.2,8.0,23815,94.9%
5,Fangs,11,924,6.8,8.0,7995,92.0%
6,Cartoona,10,15728,5.8,9.0,275,90.0%
7,Jungle Speed: Rabbids,9,5676,6.5,6.0,292,87.4%
8,Friday the 13th,9,1852,6.4,9.0,3784,87.4%
9,Jungle Speed Safari,5,6439,6.2,7.0,342,68.3%
10,Big Points,5,3290,6.5,6.0,873,68.3%
11,Tumblin-Dice,4,716,7.2,6.0,3886,60.1%
12,Dominion,4,98,7.6,9.0,77920,60.1%
13,Crokinole,4,66,7.9,7.0,12136,60.1%
14,Chess,4,439,7.1,6.0,28655,60.1%
15,Small World,3,255,7.3,8.0,61593,49.8%
16,No Thanks!,3,449,7.1,9.0,20289,49.8%
17,Forbidden Island,3,721,6.8,7.0,41883,49.8%
18,Favor of the Pharaoh,3,1425,6.8,10.0,2616,49.8%
19,6 nimmt!,3,597,6.9,6.0,20527,49.8%
20,Takenoko,2,280,7.3,9.0,35084,36.9%
21,Snow Tails,2,763,7.0,7.0,6008,36.9%
22,MixUp,2,10032,6.3,6.0,115,36.9%
23,Lost Cities,2,322,7.2,7.0,37164,36.9%
24,King of Tokyo: Power Up!,2,-1,7.6,8.0,10407,36.9%
25,Jamaica,2,493,7.1,7.0,16227,36.9%
26,Hanabi,2,391,7.1,9.0,38808,36.9%
27,Get Bit!,2,2435,6.2,7.0,6007,36.9%
28,"Bürger, Baumeister & Co.",2,10054,6.0,7.0,186,36.9%
29,Batik,2,6906,5.9,6.0,558,36.9%
30,Alien Frontiers,2,232,7.4,9.0,14122,36.9%
31,The Adventurers: The Temple of Chac,2,1414,6.6,8.0,4614,36.9%
32,Zooloretto,1,755,6.8,8.0,13881,20.5%
33,Viceroy,1,1016,6.8,8.0,5061,20.5%
34,Ticket to Ride: Europe,1,119,7.5,9.0,58364,20.5%
35,Ticket to Ride,1,174,7.4,7.0,71408,20.5%
36,Sultan,1,7169,6.0,6.0,385,20.5%
37,Stone Age,1,111,7.6,8.0,44874,20.5%
38,Splendor,1,167,7.5,10.0,58499,20.5%
39,Sorry!,1,20272,4.5,5.0,5834,20.5%
40,Sky Tango,1,4260,6.3,8.0,633,20.5%
41,Skull,1,381,7.2,6.0,14130,20.5%
42,Quoridor,1,1211,6.7,5.0,6372,20.5%
43,Quixo,1,4765,6.1,6.0,768,20.5%
44,Quarto,1,956,6.9,5.0,5849,20.5%
45,Quarantine,1,4649,6.1,6.0,886,20.5%
46,Quads,1,7781,6.1,6.0,259,20.5%
47,Power Grid,1,39,7.9,8.0,56129,20.5%
48,Lords of Waterdeep,1,71,7.8,9.0,45819,20.5%
49,Keltis: Das Würfelspiel,1,4154,6.5,7.0,523,20.5%
50,K2,1,568,7.1,8.0,9050,20.5%
51,Inside,1,7174,6.5,6.0,181,20.5%
52,Imhotep,1,409,7.2,9.0,11737,20.5%
53,"Hey, That's My Fish!",1,855,6.7,6.0,19341,20.5%
54,The Great Fire of London 1666,1,2475,6.5,7.0,1485,20.5%
55,Gobblet,1,2270,6.6,7.0,1653,20.5%
56,Fox & Chicken,1,9853,6.7,9.0,68,20.5%
57,Forbidden Desert,1,380,7.1,9.0,25536,20.5%
58,Finca,1,636,7.1,7.0,6811,20.5%
59,Eclipse,1,9971,6.1,8.0,155,20.5%
60,Discworld: Ankh-Morpork,1,466,7.2,6.0,9231,20.5%
61,Diamant,1,718,6.8,7.0,17037,20.5%
62,Courtier,1,2796,6.7,8.0,906,20.5%
63,Cartoona: Long Necks Expansion,1,-1,6.0,6.0,26,20.5%
64,Cartoona: Heads on Tails Expansion,1,-1,5.7,6.0,36,20.5%
65,Carcassonne,1,181,7.4,8.0,101546,20.5%
66,Bamboleo,1,3000,6.4,4.0,1397,20.5%
67,Arkham Horror,1,333,7.3,8.0,36754,20.5%
68,Above and Below,1,251,7.4,8.0,12830,20.5%
69,Zooloretto: The Gorilla,0,-1,6.6,4.0,188,0.0%
70,Zooloretto: Polar Bear,0,-1,6.6,4.0,509,0.0%
71,Zooloretto XXL,0,-1,6.9,5.0,379,0.0%
72,Zooloretto Exotic,0,-1,7.0,-1.0,362,0.0%
73,Zombies!!! 9: Ashes to Ashes,0,-1,6.6,5.0,211,0.0%
74,Zombies!!! 8: Jailbreak,0,-1,6.5,5.0,291,0.0%
75,Zombies!!! 7: Send in the Clowns,0,-1,6.2,5.0,482,0.0%
76,Zombies!!! 6: Six Feet Under,0,-1,6.3,6.0,576,0.0%
77,Zombies!!! 5: School's Out Forever,0,-1,6.2,5.0,799,0.0%
78,Zombies!!! 4: The End...,0,3944,6.2,5.0,1433,0.0%
79,Zombies!!! 3: Mall Walkers,0,-1,6.1,5.0,1863,0.0%
80,Zombies!!! 2: Zombie Corps(e),0,-1,6.0,6.0,2408,0.0%
81,Zombies!!!,0,6200,5.8,6.0,14433,0.0%
82,Yomi,0,1155,7.0,-1.0,2870,0.0%
83,Yedo: Sakoku,0,-1,7.3,-1.0,81,0.0%
84,Yedo,0,631,7.4,7.0,3468,0.0%
85,Xia: Legends of a Drift System – Sellsword,0,-1,7.8,-1.0,473,0.0%
86,Xia: Legends of a Drift System,0,145,7.9,9.0,7323,0.0%
87,Xia: Embers of a Forsaken Star,0,-1,8.7,-1.0,1871,0.0%
88,XCOM: The Board Game,0,640,7.1,7.0,7883,0.0%
89,Word on the Street,0,1856,6.6,7.0,2288,0.0%
90,Wiz-War (Eighth Edition),0,805,7.1,7.0,4642,0.0%
91,Wits & Wagers,0,622,6.9,6.0,13343,0.0%
92,The Witches: A Discworld Game,0,3667,6.1,8.0,1739,0.0%
93,Die Wiege der Renaissance,0,13260,5.9,6.0,118,0.0%
94,Warlords of Europe,0,5246,6.8,6.0,283,0.0%
95,Warhammer: The Mass Combat Fantasy Roleplaying Game (1st Edition),0,1890,6.6,5.0,2406,0.0%
96,Warhammer: Invasion,0,609,7.2,6.0,5692,0.0%
97,Warhammer Quest: Silver Tower – Mighty Heroes,0,-1,7.1,-1.0,56,0.0%
98,Warhammer Quest: Silver Tower,0,1745,7.5,-1.0,1106,0.0%
99,"Warhammer 40,000: Wargear",0,-1,5.1,3.0,12,0.0%
100,"Warhammer 40,000: Spearhead",0,-1,5.9,7.0,20,0.0%
101,"Warhammer 40,000: Planetary Empires",0,-1,5.8,6.0,38,0.0%
102,"Warhammer 40,000: Kill Team – Rogue Trader",0,-1,8.2,-1.0,49,0.0%
103,"Warhammer 40,000: Kill Team – Commanders Expansion Set",0,-1,7.5,-1.0,37,0.0%
104,"Warhammer 40,000: Kill Team",0,1948,7.9,9.0,661,0.0%
105,"Warhammer 40,000: Heroes of Black Reach – Zoggrim the Kharnager",0,-1,8.0,-1.0,22,0.0%
106,"Warhammer 40,000: Heroes of Black Reach – Ultramarines Reinforcements",0,-1,8.4,-1.0,35,0.0%
107,"Warhammer 40,000: Heroes of Black Reach – Orks Reinforcements",0,-1,8.2,-1.0,36,0.0%
108,"Warhammer 40,000: Heroes of Black Reach",0,3764,8.2,-1.0,273,0.0%
109,"Warhammer 40,000: Conquest – Zogwort's Curse",0,-1,7.5,-1.0,159,0.0%
110,"Warhammer 40,000: Conquest – Wrath of the Crusaders",0,-1,7.8,-1.0,74,0.0%
111,"Warhammer 40,000: Conquest – What Lurks Below",0,-1,7.7,-1.0,78,0.0%
112,"Warhammer 40,000: Conquest – Unforgiven",0,-1,7.9,-1.0,48,0.0%
113,"Warhammer 40,000: Conquest – The Warp Unleashed",0,-1,8.0,-1.0,44,0.0%
114,"Warhammer 40,000: Conquest – The Threat Beyond",0,-1,7.6,-1.0,154,0.0%
115,"Warhammer 40,000: Conquest – The Scourge",0,-1,7.6,-1.0,174,0.0%
116,"Warhammer 40,000: Conquest – The Howl of Blackmane",0,-1,7.6,-1.0,202,0.0%
117,"Warhammer 40,000: Conquest – The Great Devourer",0,-1,7.7,-1.0,196,0.0%
118,"Warhammer 40,000: Conquest – The Final Gambit",0,-1,7.8,-1.0,72,0.0%
119,"Warhammer 40,000: Conquest – Slash and Burn",0,-1,7.8,-1.0,45,0.0%
120,"Warhammer 40,000: Conquest – Searching for Truth",0,-1,8.0,-1.0,45,0.0%
121,"Warhammer 40,000: Conquest – Legions of Death",0,-1,7.7,-1.0,119,0.0%
122,"Warhammer 40,000: Conquest – Jungles of Nectavus",0,-1,7.8,-1.0,50,0.0%
123,"Warhammer 40,000: Conquest – Gift of the Ethereals",0,-1,7.6,-1.0,166,0.0%
124,"Warhammer 40,000: Conquest – Descendants of Isha",0,-1,7.5,-1.0,143,0.0%
125,"Warhammer 40,000: Conquest – Decree of Ruin",0,-1,7.6,-1.0,95,0.0%
126,"Warhammer 40,000: Conquest – Deadly Salvage",0,-1,7.6,-1.0,82,0.0%
127,"Warhammer 40,000: Conquest – Boundless Hate",0,-1,7.6,-1.0,86,0.0%
128,"Warhammer 40,000: Conquest – Against the Great Enemy",0,-1,8.0,-1.0,43,0.0%
129,"Warhammer 40,000: Conquest",0,801,7.4,6.0,2849,0.0%
130,"Warhammer 40,000: Battle for Macragge",0,5120,6.6,6.0,359,0.0%
131,"Warhammer 40,000: Assault On Black Reach",0,4468,7.0,7.0,292,0.0%
132,"Warhammer 40,000: Apocalypse",0,-1,7.3,5.0,20,0.0%
133,"Warhammer 40,000 Expansion: Planetstrike",0,-1,6.2,7.0,50,0.0%
134,"Warhammer 40,000 Cities of Death",0,-1,6.8,8.0,71,0.0%
135,"Warhammer 40,000 (Sixth Edition)",0,4490,6.7,5.0,378,0.0%
136,"Warhammer 40,000 (Fourth Edition)",0,3274,6.5,6.0,1111,0.0%
137,"Warhammer 40,000 (Fifth Edition)",0,2674,6.7,7.0,1066,0.0%
138,War Unleashed: Volume 1,0,-1,6.6,4.0,5,0.0%
139,War of the Ring,0,124,7.8,6.0,9923,0.0%
140,War for Edaðh,0,9245,6.4,6.0,175,0.0%
141,Wallenstein (Second Edition),0,1135,7.6,6.0,1226,0.0%
142,Wallenstein,0,532,7.5,7.0,3497,0.0%
143,Village: Inn,0,-1,7.9,7.0,2838,0.0%
144,Village,0,156,7.5,8.0,20214,0.0%
145,Villa Paletti,0,1789,6.4,6.0,4030,0.0%
146,Vikings Gone Wild: Sif Promo Card,0,-1,7.3,-1.0,56,0.0%
147,Vikings Gone Wild: It's a Kind of Magic,0,-1,7.5,-1.0,145,0.0%
148,Vikings Gone Wild: Guild Wars,0,-1,7.4,-1.0,140,0.0%
149,Vikings Gone Wild,0,918,7.2,8.0,3066,0.0%
150,Vikings,0,432,7.3,8.0,7930,0.0%
151,Viceroy Promo Cards,0,-1,6.5,7.0,207,0.0%
152,Valdora,0,1724,6.8,6.0,1905,0.0%
153,Ubongo Trigo,0,7090,6.5,7.0,170,0.0%
154,Ubongo Extreme,0,2080,6.8,7.0,1296,0.0%
155,Ubongo 3D,0,1455,7.1,8.0,1493,0.0%
156,Ubongo,0,1052,6.7,7.0,7781,0.0%
157,Twilight Struggle,0,10,8.3,7.0,40694,0.0%
158,Twilight Imperium: Third Edition – Shattered Empire,0,-1,8.6,9.0,4588,0.0%
159,Twilight Imperium: Third Edition – Shards of the Throne,0,-1,8.7,9.0,2365,0.0%
160,Twilight Imperium: Third Edition,0,80,7.8,9.0,18296,0.0%
161,Troyes: Bonus Cards,0,-1,7.6,6.0,764,0.0%
162,Troyes,0,83,7.8,6.0,18847,0.0%
163,Tribune: Primus Inter Pares,0,629,7.2,7.0,4415,0.0%
164,Trajan,0,95,7.8,8.0,14678,0.0%
165,A Touch of Evil: The Supernatural Game,0,990,7.0,-1.0,4412,0.0%
166,Torres,0,528,7.1,6.0,8723,0.0%
167,Toppletree,0,-1,6.4,-1.0,21,0.0%
168,Tobago,0,488,7.1,6.0,10608,0.0%
169,Tinners' Trail,0,654,7.3,6.0,3806,0.0%
170,Tikal II: The Lost Temple,0,1903,6.9,-1.0,1325,0.0%
171,Tikal,0,263,7.3,8.0,17891,0.0%
172,Tigris & Euphrates,0,92,7.7,7.0,25297,0.0%
173,Animal Upon Animal,0,908,6.8,6.0,7101,0.0%
174,Tide of Iron: Normandy,0,-1,7.8,7.0,420,0.0%
175,Tide of Iron: Fury of the Bear,0,-1,7.7,7.0,192,0.0%
176,Tide of Iron: Designer Series Vol. 1,0,-1,7.7,7.0,271,0.0%
177,Tide of Iron: Days of the Fox,0,-1,7.7,7.0,560,0.0%
178,Tide of Iron,0,822,7.2,7.0,3737,0.0%
179,Ticket to Ride: USA 1910,0,-1,8.0,7.0,10064,0.0%
180,Ticket to Ride: 10th Anniversary,0,-1,8.3,9.0,5030,0.0%
181,Tichu,0,170,7.6,6.0,13267,0.0%
182,Thurn and Taxis,0,428,7.1,6.0,18091,0.0%
183,Thunderstone: Wrath of the Elements,0,-1,7.5,8.0,2018,0.0%
184,Thunderstone: Thornwood Siege,0,-1,7.6,7.0,811,0.0%
185,Thunderstone: Heart of Doom,0,-1,7.7,7.0,580,0.0%
186,Thunderstone: Dragonspire,0,793,7.3,7.0,2634,0.0%
187,Thunderstone: Doomgate Legion,0,-1,7.6,8.0,1400,0.0%
188,Thunderstone,0,694,6.9,8.0,10079,0.0%
189,Through the Ages: A Story of Civilization,0,49,7.9,7.0,17986,0.0%
190,Through the Ages: A New Story of Civilization,0,6,8.4,-1.0,22963,0.0%
191,Throneworld,0,6760,6.7,6.0,159,0.0%
192,Third World Debt,0,14840,5.9,6.0,45,0.0%
193,Thebes,0,500,7.1,7.0,9162,0.0%
194,Terraforming Mars: Venus Next,0,-1,7.6,-1.0,5505,0.0%
195,Terraforming Mars: Hellas & Elysium,0,-1,8.4,-1.0,7069,0.0%
196,Terraforming Mars,0,4,8.4,-1.0,64485,0.0%
197,Terra Mystica,0,16,8.1,7.0,39166,0.0%
198,Tech Bubble,0,-1,4.8,5.0,18,0.0%
199,Tantrix,0,2806,6.3,6.0,1870,0.0%
200,Tales of the Arabian Nights,0,435,7.2,9.0,11564,0.0%
201,Take 5!,0,2317,6.5,7.0,1890,0.0%
202,T.I.M.E Stories: Under the Mask,0,-1,7.3,-1.0,3465,0.0%
203,T.I.M.E Stories: The Marcy Case,0,-1,7.6,9.0,6072,0.0%
204,T.I.M.E Stories: Santo Tomás de Aquino,0,-1,7.1,-1.0,474,0.0%
205,T.I.M.E Stories: Lumen Fidei,0,-1,7.5,-1.0,1927,0.0%
206,T.I.M.E Stories: Expedition – Endurance,0,-1,7.4,7.0,2669,0.0%
207,T.I.M.E Stories: Estrella Drive,0,-1,7.2,-1.0,1449,0.0%
208,T.I.M.E Stories: Brotherhood of the Coast,0,-1,7.8,-1.0,966,0.0%
209,T.I.M.E Stories: A Prophecy of Dragons,0,-1,7.6,7.0,4731,0.0%
210,T.I.M.E Stories,0,143,7.6,10.0,23672,0.0%
211,SWAT!,0,10047,6.0,-1.0,181,0.0%
212,The Swarm,0,4082,6.4,-1.0,610,0.0%
213,Summoner Wars: Vanguards Faction Deck,0,-1,7.8,7.0,902,0.0%
214,Summoner Wars: The Filth Faction Deck,0,-1,8.1,7.0,702,0.0%
215,Summoner Wars: Taliya's Spirit Reinforcement Pack,0,-1,8.0,7.0,290,0.0%
216,Summoner Wars: Saella's Precision Reinforcement Pack,0,-1,8.0,7.0,240,0.0%
217,Summoner Wars: Rukar's Power Reinforcement Pack,0,-1,7.9,7.0,384,0.0%
218,Summoner Wars: Piclo's Magic Reinforcement Pack,0,-1,8.0,7.0,286,0.0%
219,Summoner Wars: Phoenix Elves vs Tundra Orcs,0,658,7.5,7.0,2555,0.0%
220,Summoner Wars: Mercenaries Faction Deck,0,-1,8.0,7.0,597,0.0%
221,Summoner Wars: Master Set,0,226,7.5,8.0,10344,0.0%
222,Summoner Wars: Khan Queso,0,-1,7.7,6.0,276,0.0%
223,Summoner Wars: Jungle Elves Faction Deck,0,-1,8.0,7.0,801,0.0%
224,Summoner Wars: Hawk's Strike Reinforcement Pack,0,-1,8.0,7.0,341,0.0%
225,Summoner Wars: Guild Dwarves vs Cave Goblins,0,681,7.6,7.0,2327,0.0%
226,Summoner Wars: Grungor's Charge Reinforcement Pack,0,-1,7.9,7.0,368,0.0%
227,Summoner Wars: Goodwin's Blade Reinforcement Pack,0,-1,8.0,7.0,359,0.0%
228,Summoner Wars: Fallen Kingdom Faction Deck,0,-1,7.9,7.0,1003,0.0%
229,Summoner Wars: Cloaks Faction Deck,0,-1,7.9,7.0,749,0.0%
230,Summoner Wars: Bellor's Retribution Reinforcement Pack,0,-1,8.0,7.0,255,0.0%
231,Summoner Wars,0,508,7.3,7.0,6201,0.0%
232,Sumeria,0,3407,6.6,-1.0,729,0.0%
233,Suburbia: Essen SPIEL Expansion,0,-1,6.7,-1.0,355,0.0%
234,Suburbia Inc,0,-1,8.0,8.0,2725,0.0%
235,Suburbia,0,146,7.5,8.0,21531,0.0%
236,Struggle for the Galactic Empire,0,5393,6.8,5.0,234,0.0%
237,Stronghold: Undead,0,-1,7.8,-1.0,170,0.0%
238,Stronghold,0,817,7.2,7.0,3376,0.0%
239,Stone Age: The Expansion,0,-1,7.4,6.0,2771,0.0%
240,Stockmarket,0,9841,6.7,5.0,71,0.0%
241,Steel Wolves: The German Submarine Campaign Against Allied Shipping – Vol 1,0,4043,7.7,-1.0,226,0.0%
242,Steam,0,186,7.6,6.0,9546,0.0%
243,Star Wars: X-Wing Miniatures Game – Y-Wing Expansion Pack,0,-1,7.8,8.0,1816,0.0%
244,Star Wars: X-Wing Miniatures Game – X-Wing Expansion Pack,0,-1,7.9,8.0,1605,0.0%
245,Star Wars: X-Wing Miniatures Game – TIE Phantom Expansion Pack,0,-1,8.1,-1.0,782,0.0%
246,Star Wars: X-Wing Miniatures Game – TIE Interceptor Expansion Pack,0,-1,8.0,8.0,1483,0.0%
247,Star Wars: X-Wing Miniatures Game – TIE Fighter Expansion Pack,0,-1,7.8,8.0,1468,0.0%
248,Star Wars: X-Wing Miniatures Game – TIE Bomber Expansion Pack,0,-1,7.7,8.0,1058,0.0%
249,Star Wars: X-Wing Miniatures Game – TIE Advanced Expansion Pack,0,-1,7.8,8.0,1965,0.0%
250,Star Wars: X-Wing Miniatures Game – Tantive IV Expansion Pack,0,-1,7.9,-1.0,455,0.0%
251,Star Wars: X-Wing Miniatures Game – Slave I Expansion Pack,0,-1,8.0,8.0,1661,0.0%
252,Star Wars: X-Wing Miniatures Game – Rebel Transport Expansion Pack,0,-1,7.6,-1.0,482,0.0%
253,Star Wars: X-Wing Miniatures Game – Millennium Falcon Expansion Pack,0,-1,8.1,8.0,2060,0.0%
254,Star Wars: X-Wing Miniatures Game – Lambda-class Shuttle Expansion Pack,0,-1,7.7,8.0,950,0.0%
255,Star Wars: X-Wing Miniatures Game – Imperial Raider Expansion Pack,0,-1,7.9,-1.0,268,0.0%
256,Star Wars: X-Wing Miniatures Game – Imperial Assault Carrier Expansion Pack,0,-1,7.9,-1.0,207,0.0%
257,Star Wars: X-Wing Miniatures Game – Imperial Aces Expansion Pack,0,-1,8.0,-1.0,1002,0.0%
258,Star Wars: X-Wing Miniatures Game – HWK-290 Expansion Pack,0,-1,7.5,8.0,939,0.0%
259,Star Wars: X-Wing Miniatures Game – C-ROC Cruiser Expansion Pack,0,-1,7.9,-1.0,87,0.0%
260,Star Wars: X-Wing Miniatures Game – B-Wing Expansion Pack,0,-1,7.9,8.0,1245,0.0%
261,Star Wars: X-Wing Miniatures Game – A-Wing Expansion Pack,0,-1,7.8,8.0,1510,0.0%
262,Star Wars: X-Wing Miniatures Game,0,108,7.7,8.0,23036,0.0%
263,Star Wars: Armada – Victory-class Star Destroyer Expansion Pack,0,-1,7.8,-1.0,211,0.0%
264,Star Wars: Armada – Rogues and Villains Expansion Pack,0,-1,8.0,-1.0,263,0.0%
265,Star Wars: Armada – Rebel Fighter Squadrons Expansion Pack,0,-1,8.0,-1.0,267,0.0%
266,Star Wars: Armada – Nebulon-B Frigate Expansion Pack,0,-1,7.6,-1.0,203,0.0%
267,Star Wars: Armada – MC30c Frigate Expansion Pack,0,-1,8.0,-1.0,175,0.0%
268,Star Wars: Armada – Liberty Expansion Pack,0,-1,8.3,-1.0,114,0.0%
269,Star Wars: Armada – Interdictor Expansion Pack,0,-1,8.2,-1.0,119,0.0%
270,Star Wars: Armada – Imperial Raider Expansion Pack,0,-1,7.7,-1.0,187,0.0%
271,Star Wars: Armada – Imperial Fighter Squadrons Expansion Pack,0,-1,8.0,-1.0,260,0.0%
272,Star Wars: Armada – Imperial Class Star Destroyer Expansion Pack,0,-1,8.3,-1.0,233,0.0%
273,Star Wars: Armada – Imperial Assault Carriers Expansion Pack,0,-1,8.0,-1.0,111,0.0%
274,Star Wars: Armada – Home One Expansion Pack,0,-1,8.1,-1.0,209,0.0%
275,Star Wars: Armada – Gladiator-class Star Destroyer Expansion Pack,0,-1,8.0,-1.0,263,0.0%
276,Star Wars: Armada – CR90 Corellian Corvette Expansion Pack,0,-1,7.8,-1.0,212,0.0%
277,Star Wars: Armada – Assault Frigate Mark II Expansion Pack,0,-1,7.8,-1.0,233,0.0%
278,Star Wars: Armada,0,273,7.9,9.0,4586,0.0%
279,Star Realms: Colony Wars,0,164,7.9,8.0,6040,0.0%
280,Star Realms,0,115,7.6,8.0,35855,0.0%
281,Stack Market,0,17399,5.5,-1.0,368,0.0%
282,Splendor: Cities of Splendor,0,-1,7.4,-1.0,3010,0.0%
283,The Speicherstadt,0,788,7.0,6.0,4750,0.0%
284,Space Hulk: Death Angel – The Card Game: Tyranid Enemy Pack,0,-1,7.5,7.0,684,0.0%
285,Space Hulk: Death Angel – The Card Game: Space Marine Pack 1,0,-1,7.4,7.0,1080,0.0%
286,Space Hulk: Death Angel – The Card Game – Mission Pack 1,0,-1,7.4,7.0,1041,0.0%
287,Space Hulk: Death Angel – The Card Game – Deathwing Space Marine Pack,0,-1,7.4,7.0,634,0.0%
288,Space Hulk: Death Angel – The Card Game,0,614,7.0,8.0,12204,0.0%
289,Space Hulk (Third Edition),0,315,7.5,10.0,6698,0.0%
290,Space Empires: 4X,0,492,7.7,6.0,3020,0.0%
291,Space Base,0,214,7.6,9.0,8287,0.0%
292,Space Alert: The New Frontier,0,-1,8.5,-1.0,1076,0.0%
293,Space Alert,0,219,7.4,7.0,14751,0.0%
294,SOS Titanic,0,2174,6.7,7.0,1399,0.0%
295,Solomon's Stones,0,-1,5.5,-1.0,12,0.0%
296,SmileyFace,0,16650,5.5,6.0,446,0.0%
297,Small World: Tunnels,0,-1,6.9,6.0,606,0.0%
298,Small World: Tales and Legends,0,-1,7.2,7.0,3266,0.0%
299,Small World: Realms,0,-1,7.3,6.0,1781,0.0%
300,Small World: Necromancer Island,0,-1,6.7,8.0,1521,0.0%
301,Small World: Grand Dames of Small World,0,-1,7.4,8.0,5551,0.0%
302,Small World: Cursed!,0,-1,7.5,8.0,5720,0.0%
303,Small World: Be Not Afraid...,0,-1,7.6,8.0,5286,0.0%
304,Small World: 6 Player Board,0,-1,7.4,-1.0,383,0.0%
305,Small World Underground,0,401,7.3,6.0,9772,0.0%
306,Skybridge,0,9044,5.9,8.0,286,0.0%
307,Silent War,0,2590,7.3,4.0,595,0.0%
308,SiegeStones,0,13756,5.8,5.0,92,0.0%
309,Sid Meier's Civilization: The Board Game – Fame and Fortune,0,-1,8.0,7.0,2260,0.0%
310,Sid Meier's Civilization: The Board Game,0,259,7.4,7.0,14412,0.0%
311,Sherlock Holmes Consulting Detective: The Thames Murders & Other Cases,0,96,7.7,8.0,17180,0.0%
312,Sherlock Holmes Consulting Detective: Jack the Ripper & West End Adventures,0,305,7.8,-1.0,4111,0.0%
313,Sheriff of Nottingham,0,368,7.1,-1.0,29544,0.0%
314,Shadows over Camelot,0,406,7.1,4.0,25418,0.0%
315,Seven Dragons,0,3109,6.3,6.0,1711,0.0%
316,Sedition Wars: Battle for Alabaster,0,16441,5.6,8.0,292,0.0%
317,Sector 41,0,14199,5.9,6.0,117,0.0%
318,Scythe,0,14,8.2,-1.0,57625,0.0%
319,Scrabble,0,1807,6.3,6.0,26658,0.0%
320,Schotten Totten,0,394,7.3,-1.0,7585,0.0%
321,Scandaroon,0,19015,5.1,-1.0,110,0.0%
322,San Juan (Second Edition),0,318,7.5,-1.0,5814,0.0%
323,San Juan,0,293,7.3,6.0,22214,0.0%
324,Saint Petersburg: New Society & Banquet Expansion,0,-1,7.4,-1.0,1493,0.0%
325,Saint Petersburg (Second Edition),0,600,7.5,8.0,2828,0.0%
326,Saint Petersburg,0,303,7.3,7.0,14518,0.0%
327,Saint Malo,0,2195,6.5,-1.0,2135,0.0%
328,Runewars: Banners of War,0,-1,8.2,8.0,1126,0.0%
329,Runewars,0,230,7.6,7.0,7753,0.0%
330,Runebound: Second Edition,0,888,6.9,7.0,7749,0.0%
331,Runebound: Sands of Al-Kalim,0,-1,7.6,6.0,853,0.0%
332,Rune Age: Oath and Anvil,0,-1,7.7,6.0,855,0.0%
333,Rune Age,0,1168,6.8,6.0,4190,0.0%
334,Rotterdam,0,11805,6.0,5.0,239,0.0%
335,Römisch Pokern,0,7610,6.3,-1.0,212,0.0%
336,Roll Through the Ages: The Iron Age,0,2520,6.6,-1.0,1136,0.0%
337,Roll Through the Ages: The Bronze Age,0,712,6.9,6.0,11484,0.0%
338,Roll for the Galaxy: Ambition,0,-1,8.1,8.0,3144,0.0%
339,Roll for the Galaxy,0,94,7.7,8.0,26342,0.0%
340,Robinson Crusoe: Adventures on the Cursed Island – Searching the Beach,0,-1,7.4,-1.0,278,0.0%
341,Robinson Crusoe: Adventures on the Cursed Island,0,54,7.8,-1.0,34031,0.0%
342,Road to Enlightenment,0,11451,5.9,-1.0,188,0.0%
343,Rex: Final Days of an Empire,0,799,7.1,8.0,4223,0.0%
344,Revolution!,0,1289,6.7,6.0,4098,0.0%
345,The Resistance,0,267,7.3,7.0,35861,0.0%
346,Relic: Nemesis,0,-1,7.2,-1.0,456,0.0%
347,Relic: Halls of Terra,0,-1,7.4,-1.0,265,0.0%
348,Relic,0,1536,6.8,7.0,2987,0.0%
349,Red Code,0,17272,5.4,-1.0,75,0.0%
350,Rattus: Pied Piper,0,-1,7.3,6.0,862,0.0%
351,Rattus,0,1020,6.8,6.0,5669,0.0%
352,Race for the Galaxy: The Gathering Storm,0,-1,8.1,6.0,9575,0.0%
353,Race for the Galaxy: The Brink of War,0,-1,7.8,7.0,3439,0.0%
354,Race for the Galaxy: Rebel vs Imperium,0,-1,7.9,7.0,5715,0.0%
355,Race for the Galaxy: Alien Artifacts,0,-1,7.5,-1.0,1496,0.0%
356,Race for the Galaxy,0,59,7.8,6.0,46293,0.0%
357,Ra: The Dice Game,0,1447,6.8,6.0,2446,0.0%
358,Ra,0,177,7.5,7.0,19077,0.0%
359,R-Eco,0,1876,6.6,-1.0,2116,0.0%
360,Quarriors! Rise of the Demons,0,-1,6.8,8.0,1728,0.0%
361,Quarriors! Quartifacts,0,-1,7.5,-1.0,924,0.0%
362,Quarriors! Quarmageddon,0,-1,7.4,9.0,2282,0.0%
363,Quarriors!,0,886,6.8,8.0,13141,0.0%
364,Quantum,0,487,7.3,-1.0,6523,0.0%
365,Quadropolis,0,350,7.3,-1.0,11027,0.0%
366,Pylos,0,2975,6.3,6.0,1642,0.0%
367,Puerto Rico: Expansion I – New Buildings,0,-1,7.6,7.0,2677,0.0%
368,Puerto Rico,0,28,8.0,8.0,63032,0.0%
369,Project Skyline,0,18848,5.2,7.0,82,0.0%
370,Princes of the Renaissance,0,874,7.4,-1.0,2165,0.0%
371,The Princes of Florence,0,182,7.5,6.0,14549,0.0%
372,Primordial Soup: Freshly Spiced,0,-1,7.3,6.0,754,0.0%
373,Primordial Soup,0,913,6.9,8.0,4539,0.0%
374,Prêt-à-Porter,0,612,7.4,6.0,3334,0.0%
375,Power Grid: The Robots,0,-1,7.1,6.0,1199,0.0%
376,Power Grid: The New Power Plant Cards,0,-1,7.8,7.0,3448,0.0%
377,Power Grid: The First Sparks,0,1215,6.8,6.0,3399,0.0%
378,Power Grid: Taxes,0,-1,6.8,-1.0,250,0.0%
379,Power Grid: Russia & Japan,0,-1,7.9,7.0,1446,0.0%
380,Power Grid: Québec/Baden-Württemberg,0,-1,7.9,6.0,577,0.0%
381,Power Grid: France/Italy,0,-1,7.9,7.0,3081,0.0%
382,Power Grid: Factory Manager,0,920,6.9,6.0,5793,0.0%
383,Power Grid: China/Korea,0,-1,8.0,7.0,2757,0.0%
384,Power Grid: Brazil/Spain & Portugal,0,-1,7.9,6.0,1574,0.0%
385,Power Grid: BGG Promo Card Set,0,-1,7.5,-1.0,602,0.0%
386,Power Grid: Benelux/Central Europe,0,-1,8.0,7.0,3082,0.0%
387,Posthuman: Defiant Expansion,0,-1,6.6,-1.0,213,0.0%
388,Posthuman,0,2956,6.5,-1.0,1202,0.0%
389,Planet Steam,0,971,7.1,7.0,2740,0.0%
390,Perry Rhodan: The Cosmic League,0,1850,6.8,5.0,1627,0.0%
391,Pentago,0,2166,6.4,6.0,3095,0.0%
392,Patchwork,0,88,7.7,-1.0,46298,0.0%
393,Pastiche,0,1606,6.8,6.0,2003,0.0%
394,Panic Station,0,3713,6.0,6.0,2933,0.0%
395,Pandemic: Reign of Cthulhu,0,374,7.4,-1.0,7857,0.0%
396,Pandemic: On the Brink,0,-1,8.1,7.0,16131,0.0%
397,Pandemic,0,99,7.6,8.0,101865,0.0%
398,Outpost,0,2158,6.8,7.0,1160,0.0%
399,Othello,0,2754,6.1,7.0,7021,0.0%
400,Opus-Dei: Existence After Religion,0,12252,6.1,-1.0,139,0.0%
401,Onward to Venus,0,1912,6.9,-1.0,1326,0.0%
402,Onitama,0,247,7.4,-1.0,15071,0.0%
403,Nuns on the Run,0,1692,6.5,6.0,3793,0.0%
404,Nothing Personal,0,1130,7.1,6.0,2240,0.0%
405,Niagara,0,1425,6.5,6.0,7917,0.0%
406,Nexus Ops,0,454,7.2,8.0,8480,0.0%
407,Neuroshima: Convoy,0,2682,6.7,6.0,982,0.0%
408,Neuroshima Hex! 3.0,0,281,7.4,8.0,13269,0.0%
409,Neuland,0,2628,6.5,6.0,1387,0.0%
410,Nemesis,0,24,8.4,-1.0,12143,0.0%
411,Nefertiti Expansion,0,-1,7.0,6.0,149,0.0%
412,Nefertiti,0,1377,7.0,7.0,1895,0.0%
413,Nanuk,0,4578,6.2,6.0,668,0.0%
414,Myth: Pantheons,0,16007,5.6,5.0,236,0.0%
415,Mystic Vale,0,387,7.3,-1.0,8936,0.0%
416,Monkey Lab,0,11432,5.8,4.0,277,0.0%
417,Miss Poutine,0,8581,6.2,6.0,176,0.0%
418,Mine!,0,16562,5.5,-1.0,51,0.0%
419,Milestones,0,2691,6.6,6.0,1094,0.0%
420,Mexica,0,584,7.2,6.0,5053,0.0%
421,Merkator,0,1082,7.0,6.0,2532,0.0%
422,Mercante,0,4882,6.6,-1.0,328,0.0%
423,Memoir '44: Winter/Desert Board Map,0,-1,7.4,7.0,1820,0.0%
424,Memoir '44: Winter Wars,0,-1,8.2,7.0,807,0.0%
425,Memoir '44: Tigers in the Snow,0,-1,7.9,9.0,383,0.0%
426,Memoir '44: Terrain Pack,0,-1,7.5,6.0,2100,0.0%
427,Memoir '44: Sword of Stalingrad,0,-1,8.0,8.0,410,0.0%
428,Memoir '44: Pacific Theater,0,-1,7.9,6.0,1952,0.0%
429,Memoir '44: Overlord,0,-1,7.7,9.0,378,0.0%
430,Memoir '44: Operation Overlord,0,-1,7.7,8.0,831,0.0%
431,Memoir '44: Mediterranean Theater,0,-1,7.9,6.0,1385,0.0%
432,Memoir '44: Hedgerow Hell,0,-1,7.6,7.0,379,0.0%
433,Memoir '44: Eastern Front,0,-1,8.0,8.0,2769,0.0%
434,Memoir '44: Disaster at Dieppe,0,-1,7.8,7.0,235,0.0%
435,Memoir '44: D-Day Landings,0,-1,8.4,-1.0,237,0.0%
436,Memoir '44: Campaign Book Volume 2,0,-1,8.2,6.0,403,0.0%
437,Memoir '44: Campaign Book Volume 1,0,-1,8.2,6.0,851,0.0%
438,Memoir '44: Breakthrough,0,-1,8.2,7.0,740,0.0%
439,Memoir '44: Air Pack,0,-1,7.5,7.0,1218,0.0%
440,Memoir '44,0,138,7.6,8.0,25667,0.0%
441,MegaCorps,0,15623,5.6,4.0,264,0.0%
442,Medieval Merchant,0,2343,6.7,6.0,1139,0.0%
443,Massive Darkness: Lightbringer Pack,0,-1,8.0,-1.0,290,0.0%
444,Massive Darkness: Heroes & Monster Set – Warrior Priests vs The Spearmaiden Cyclops,0,-1,7.7,-1.0,227,0.0%
445,Massive Darkness: Heroes & Monster Set – Sorcerers vs Lord Tusk,0,-1,7.5,-1.0,396,0.0%
446,Massive Darkness: Heroes & Monster Set – Noble Warriors vs The Cockatrix,0,-1,7.4,-1.0,385,0.0%
447,Massive Darkness: Heroes & Monster Set – Bloodmoon Assassins vs The Hellephant,0,-1,7.8,-1.0,214,0.0%
448,Massive Darkness: Enemy Box – Troglodytes,0,-1,7.4,-1.0,406,0.0%
449,Massive Darkness: Enemy Box – Reptisaurians,0,-1,7.7,-1.0,235,0.0%
450,Massive Darkness: Enemy Box – Ratlings,0,-1,7.7,-1.0,209,0.0%
451,Massive Darkness: Enemy Box – Elementals,0,-1,7.6,-1.0,136,0.0%
452,Massive Darkness: A Quest of Crystal & Lava,0,-1,7.6,-1.0,261,0.0%
453,Massive Darkness,0,872,7.2,-1.0,3985,0.0%
454,Mansions of Madness,0,382,7.3,6.0,12741,0.0%
455,Manhattan,0,1152,6.7,7.0,4929,0.0%
456,Make 'n' Break,0,4435,6.1,6.0,1088,0.0%
457,Magnum Sal: Muria,0,-1,7.5,7.0,206,0.0%
458,Magnum Sal,0,1704,7.0,8.0,1441,0.0%
459,Magnet,0,9820,6.2,-1.0,136,0.0%
460,Magestorm,0,5551,6.3,6.0,385,0.0%
461,Mage Knight Board Game: The Lost Legion Expansion,0,-1,8.8,7.0,3503,0.0%
462,Mage Knight Board Game: Krang Character Expansion,0,-1,8.1,-1.0,1563,0.0%
463,Mage Knight Board Game,0,26,8.1,9.0,27775,0.0%
464,Machi Koro: Millionaire's Row,0,-1,6.7,7.0,2163,0.0%
465,Machi Koro: Harbor,0,-1,7.1,8.0,5560,0.0%
466,Machi Koro: Gaming Mega Store,0,-1,6.0,-1.0,400,0.0%
467,Machi Koro: Deluxe Edition,0,-1,7.1,9.0,2213,0.0%
468,Machi Koro,0,987,6.6,8.0,26165,0.0%
469,Lost Temple,0,5968,5.9,-1.0,893,0.0%
470,Lost Cities: The Board Game,0,1178,6.8,7.0,3857,0.0%
471,Lords of Hellas,0,218,7.9,7.0,5482,0.0%
472,Lord of the Rings: The Confrontation,0,362,7.5,6.0,5651,0.0%
473,The Lord of the Rings: The Card Game,0,129,7.6,8.0,20755,0.0%
474,London,0,389,7.4,7.0,6275,0.0%
475,Lock 'n Load: Band of Heroes,0,2463,7.4,4.0,617,0.0%
476,Lewis & Clark: The Expedition,0,202,7.5,8.0,12899,0.0%
477,Level 7 [Omega Protocol]: Extreme Prejudice,0,-1,8.2,-1.0,83,0.0%
478,Level 7 [Omega Protocol],0,902,7.5,-1.0,1965,0.0%
479,Letters from Whitechapel,0,264,7.4,8.0,13687,0.0%
480,Legends of Andor: The Star Shield,0,-1,7.8,-1.0,1233,0.0%
481,Legends of Andor: New Heroes,0,-1,7.5,-1.0,1056,0.0%
482,Legends of Andor: Journey to the North,0,-1,8.0,-1.0,1232,0.0%
483,Legends of Andor,0,397,7.2,7.0,14950,0.0%
484,Last Night on Earth: The Zombie Game,0,703,6.9,6.0,13528,0.0%
485,Lancaster: Big Box,0,-1,7.8,-1.0,435,0.0%
486,Lancaster,0,345,7.4,8.0,6661,0.0%
487,Kobayakawa,0,2703,6.3,-1.0,1792,0.0%
488,Kingsport Festival,0,1773,6.7,-1.0,2106,0.0%
489,Kingsburg: To Forge a Realm,0,-1,7.9,7.0,4148,0.0%
490,Kingsburg: Dice and Tokens (Yellow),0,-1,6.8,7.0,44,0.0%
491,Kingsburg: Dice and Tokens (Red),0,-1,6.7,7.0,44,0.0%
492,Kingsburg: Dice and Tokens (Green),0,-1,6.7,7.0,46,0.0%
493,Kingsburg: Dice and Tokens (Blue),0,-1,6.8,7.0,46,0.0%
494,Kingsburg: Dice and Tokens (Black),0,-1,6.8,7.0,46,0.0%
495,Kingsburg,0,354,7.2,9.0,18324,0.0%
496,Kingdom Builder,0,545,7.0,8.0,19618,0.0%
497,King of Tokyo: Halloween,0,-1,7.2,7.0,4476,0.0%
498,King of New York: Monster Idol,0,-1,7.0,6.0,104,0.0%
499,King of New York: 55 Central Park West,0,-1,6.8,6.0,110,0.0%
500,King of New York,0,616,7.0,7.0,14146,0.0%
501,Keythedral,0,983,7.1,-1.0,2965,0.0%
502,Keyflower: Trader,0,-1,7.6,-1.0,172,0.0%
503,Keyflower: The Merchants,0,-1,8.1,-1.0,853,0.0%
504,Keyflower: The Farmers,0,-1,7.9,-1.0,1119,0.0%
505,Keyflower: Key Celeste,0,-1,7.4,-1.0,393,0.0%
506,Keyflower: Beekeeper,0,-1,7.6,-1.0,186,0.0%
507,Keyflower,0,72,7.8,8.0,18952,0.0%
508,Key Harvest,0,1820,6.8,-1.0,1672,0.0%
509,Kemet: Ta-Seti,0,-1,8.0,-1.0,1191,0.0%
510,Kemet,0,102,7.7,-1.0,16243,0.0%
511,Katamino,0,3721,6.4,-1.0,812,0.0%
512,K2: The Avalanche,0,-1,7.0,5.0,295,0.0%
513,K2: Broad Peak,0,-1,7.6,7.0,807,0.0%
514,Jungle Speed: Deluxe,0,-1,6.9,8.0,213,0.0%
515,Java,0,997,7.0,6.0,3327,0.0%
516,It's Alive!,0,3579,6.3,-1.0,1051,0.0%
517,Istanbul: Mocha & Baksheesh,0,-1,7.9,-1.0,2758,0.0%
518,Istanbul,0,117,7.6,-1.0,25157,0.0%
519,Islebound: Metropolis Expansion,0,-1,7.4,-1.0,203,0.0%
520,Islebound: Deep Fog,0,-1,7.2,6.0,44,0.0%
521,Islebound,0,831,7.2,7.0,3098,0.0%
522,Ingenious,0,426,7.1,6.0,15617,0.0%
523,Incursion,0,3684,7.6,-1.0,355,0.0%
524,Imperial 2030,0,234,7.7,6.0,5717,0.0%
525,The Horus Heresy: Betrayal at Calth,0,4813,7.6,7.0,203,0.0%
526,Horus Heresy,0,1529,7.1,7.0,1611,0.0%
527,Hold Your Breath!: Bonus Cards,0,-1,6.2,-1.0,6,0.0%
528,Hold Your Breath! 5-6 Player Expansion,0,-1,5.7,-1.0,13,0.0%
529,Hive: The Pillbug,0,-1,7.7,-1.0,1953,0.0%
530,Hive: The Mosquito,0,-1,7.5,-1.0,2943,0.0%
531,Hive: The Ladybug,0,-1,7.6,-1.0,2165,0.0%
532,Hive,0,246,7.3,7.0,29494,0.0%
533,High Society,0,566,7.1,7.0,8875,0.0%
534,High Frontier,0,1156,7.4,5.0,1516,0.0%
535,Helvetia,0,1359,7.0,-1.0,1948,0.0%
536,Heads of State,0,5558,6.1,6.0,591,0.0%
537,Le Havre: Le Grand Hameau,0,-1,7.8,6.0,1103,0.0%
538,Le Havre,0,47,7.9,7.0,26395,0.0%
539,HATE,0,2153,7.7,9.0,874,0.0%
540,Hanabi & Ikebana,0,-1,7.4,9.0,634,0.0%
541,Guts of Glory,0,8609,6.3,7.0,165,0.0%
542,Gunship: First Strike!,0,11798,5.9,5.0,242,0.0%
543,Guilds of London,0,1507,6.9,-1.0,2004,0.0%
544,Grog Island,0,3414,6.6,-1.0,693,0.0%
545,The Great War,0,1839,7.8,-1.0,671,0.0%
546,The El Grande Expansions,0,-1,7.3,8.0,602,0.0%
547,El Grande,0,78,7.8,7.0,23511,0.0%
548,Good Help,0,17386,6.4,-1.0,75,0.0%
549,Go,0,171,7.6,6.0,14810,0.0%
550,Glory to Rome,0,200,7.5,6.0,12957,0.0%
551,Gloomhaven,0,1,8.8,-1.0,41815,0.0%
552,Giants,0,1218,7.0,6.0,2422,0.0%
553,Ghost Stories: White Moon,0,-1,7.9,7.0,1864,0.0%
554,Ghost Stories,0,275,7.3,6.0,19378,0.0%
555,Gears of War: The Board Game,0,480,7.5,9.0,4693,0.0%
556,Gears of War: Mission Pack 1,0,-1,7.7,9.0,284,0.0%
557,A Game of Thrones: The Board Game (Second Edition) – A Dance with Dragons,0,-1,7.9,8.0,1075,0.0%
558,A Game of Thrones: The Board Game (Second Edition),0,132,7.6,9.0,28575,0.0%
559,Galaxy Trucker: The Big Expansion,0,-1,8.0,7.0,3114,0.0%
560,Galaxy Trucker: Rough Road Ahead,0,-1,7.6,6.0,286,0.0%
561,Galaxy Trucker: Even-Steven Cards,0,-1,7.2,6.0,155,0.0%
562,Galaxy Trucker: Bonus Cards,0,-1,7.4,6.0,132,0.0%
563,Galaxy Trucker: Another Big Expansion,0,-1,8.1,9.0,1023,0.0%
564,Galaxy Trucker: Anniversary Edition,0,-1,8.2,8.0,2755,0.0%
565,Galaxy Trucker,0,191,7.4,8.0,29437,0.0%
566,Galaxy Defenders: Elite Alien Army,0,-1,7.0,-1.0,107,0.0%
567,Galaxy Defenders,0,1158,7.4,-1.0,1576,0.0%
568,Galactic Emperor,0,2314,6.6,6.0,1399,0.0%
569,Fzzzt!,0,4041,6.2,6.0,864,0.0%
570,Fury of Dracula (Third/Fourth Edition),0,220,7.5,-1.0,11454,0.0%
571,"Fresco: Expansion Modules 4, 5 and 6",0,-1,7.5,6.0,633,0.0%
572,Fresco: Expansion Module 7 – The Scrolls,0,-1,6.9,-1.0,314,0.0%
573,Fresco,0,331,7.3,7.0,11812,0.0%
574,Francis Drake,0,467,7.4,-1.0,4505,0.0%
575,Forlorn: Hope,0,7147,6.7,-1.0,131,0.0%
576,Forbidden Stars,0,106,8.0,9.0,7492,0.0%
577,FITS,0,1646,6.6,6.0,3085,0.0%
578,Firefly: The Game – Pirates & Bounty Hunters,0,-1,7.8,-1.0,1609,0.0%
579,Firefly: The Game – Kalidasa,0,-1,8.2,-1.0,941,0.0%
580,Firefly: The Game – Breakin' Atmo,0,-1,7.8,-1.0,1643,0.0%
581,Firefly: The Game – Blue Sun,0,-1,8.1,-1.0,1523,0.0%
582,Firefly: The Game – Big Damn Heroes Promo Cards,0,-1,7.4,-1.0,599,0.0%
583,Firefly: The Game,0,343,7.4,-1.0,10507,0.0%
584,A Few Acres of Snow,0,339,7.4,6.0,7415,0.0%
585,Factory Fun,0,1175,6.8,7.0,3403,0.0%
586,EVE: Conquests,0,6957,6.3,-1.0,283,0.0%
587,Escape from the Aliens in Outer Space,0,1022,6.9,-1.0,3864,0.0%
588,Erosion,0,7226,6.2,7.0,239,0.0%
589,Entdecker: Exploring New Horizons,0,2243,6.5,6.0,1932,0.0%
590,En Garde,0,2485,6.5,7.0,1576,0.0%
591,Eldritch Horror,0,82,7.8,7.0,29279,0.0%
592,Egizia,0,404,7.4,6.0,5126,0.0%
593,Edo,0,1416,7.1,-1.0,1606,0.0%
594,Eclipse: Supernova,0,-1,7.5,9.0,1018,0.0%
595,Eclipse: Shadow of the Rift,0,-1,8.3,-1.0,787,0.0%
596,Eclipse: Rise of the Ancients,0,-1,8.4,10.0,3631,0.0%
597,Eclipse: Pulsar,0,-1,7.7,8.0,695,0.0%
598,Eclipse: Nebula,0,-1,7.7,-1.0,483,0.0%
599,Eclipse: Black Hole,0,-1,7.5,-1.0,249,0.0%
600,Eclipse,0,51,7.9,10.0,26127,0.0%
601,Ebbe & Flut,0,4143,6.5,5.0,537,0.0%
602,Earth Reborn,0,477,7.7,9.0,3233,0.0%
603,Dust Tactics: Revised Core Set,0,3164,7.4,8.0,445,0.0%
604,Dust Tactics,0,2656,7.2,8.0,709,0.0%
605,Dungeons & Dragons: Wrath of Ashardalon Board Game,0,731,7.1,6.0,5846,0.0%
606,Dungeons & Dragons: The Legend of Drizzt Board Game,0,627,7.3,6.0,5548,0.0%
607,Dungeons & Dragons: Conquest of Nerath Board Game,0,1808,6.9,-1.0,1519,0.0%
608,Dungeons & Dragons: Castle Ravenloft Board Game,0,766,7.0,6.0,8427,0.0%
609,DungeonQuest (Third Edition),0,1669,6.6,7.0,3194,0.0%
610,Dungeon Twister: Paladins & Dragons,0,-1,7.5,6.0,746,0.0%
611,Dungeon Twister: Mercenaries,0,-1,7.8,5.0,237,0.0%
612,Dungeon Twister: Forces of Darkness,0,-1,7.7,6.0,328,0.0%
613,Dungeon Twister: Fire and Water,0,-1,7.7,6.0,223,0.0%
614,Dungeon Twister: 3/4 Players Expansion,0,-1,7.1,6.0,569,0.0%
615,Dungeon Twister 2: Prison,0,1540,7.3,6.0,1179,0.0%
616,Dungeon Twister,0,1016,6.8,6.0,5751,0.0%
617,Dungeon Lords,0,257,7.4,6.0,12855,0.0%
618,The Duke: Reinforcements – City Troops,0,-1,7.6,-1.0,59,0.0%
619,The Duke: Middle Ages Siege Engines Expansion,0,-1,7.5,-1.0,72,0.0%
620,The Duke,0,561,7.4,7.0,3773,0.0%
621,Duel of the Giants: Eastern Front,0,7382,6.4,-1.0,212,0.0%
622,Duck Dealer,0,4684,6.3,-1.0,514,0.0%
623,Doom: The Boardgame Expansion Set,0,-1,7.5,6.0,1078,0.0%
624,Doom: The Boardgame,0,1095,6.9,6.0,5037,0.0%
625,Dominion: Stash Promo Card,0,-1,7.3,7.0,2176,0.0%
626,Dominion: Seaside,0,-1,8.0,7.0,14447,0.0%
627,Dominion: Prosperity,0,-1,8.3,8.0,13433,0.0%
628,Dominion: Intrigue,0,84,7.7,7.0,30066,0.0%
629,Dominion: Hinterlands,0,-1,8.0,8.0,5757,0.0%
630,Dominion: Envoy Promo Card,0,-1,7.2,7.0,3237,0.0%
631,Dominion: Cornucopia,0,-1,7.7,7.0,5662,0.0%
632,Dominion: Black Market Promo Card,0,-1,7.1,8.0,3490,0.0%
633,Dominion: Alchemy,0,-1,6.9,6.0,8092,0.0%
634,Dominare,0,2622,6.8,-1.0,842,0.0%
635,Dominant Species,0,64,7.8,6.0,17989,0.0%
636,Dixit: Quest,0,-1,7.7,7.0,6616,0.0%
637,Dixit: Odyssey,0,212,7.5,8.0,16662,0.0%
638,Dixit Jinx,0,7070,5.7,-1.0,1139,0.0%
639,Dixit,0,278,7.3,7.0,50499,0.0%
640,Descent: The Well of Darkness,0,-1,7.7,7.0,2100,0.0%
641,Descent: The Tomb of Ice,0,-1,7.9,7.0,1194,0.0%
642,Descent: The Sea of Blood,0,-1,7.4,6.0,722,0.0%
643,Descent: The Road to Legend,0,-1,8.0,7.0,2214,0.0%
644,Descent: The Altar of Despair,0,-1,7.7,7.0,1671,0.0%
645,Descent: Journeys in the Dark,0,376,7.3,7.0,11316,0.0%
646,Defenders of the Realm: The Dragon Expansion,0,-1,7.7,7.0,426,0.0%
647,Defenders of the Realm: The Barbarian,0,-1,7.5,6.0,442,0.0%
648,Defenders of the Realm: Minions Expansion – Dragonkin,0,-1,7.8,-1.0,65,0.0%
649,Defenders of the Realm: Hero Expansion #3,0,-1,7.6,7.0,259,0.0%
650,Defenders of the Realm: Hero Expansion #2,0,-1,7.7,7.0,281,0.0%
651,Defenders of the Realm: Hero Expansion #1,0,-1,7.7,7.0,318,0.0%
652,Defenders of the Realm: Global Effects Cards,0,-1,7.3,6.0,154,0.0%
653,Defenders of the Realm,0,525,7.3,7.0,5212,0.0%
654,Dead of Winter: The Long Night,0,222,7.7,-1.0,7848,0.0%
655,Dead of Winter: A Crossroads Game,0,121,7.6,9.0,39207,0.0%
656,Days of Steam,0,5767,6.0,-1.0,698,0.0%
657,Day & Night,0,3435,6.6,6.0,686,0.0%
658,Dawn of the Zeds (Second edition),0,1814,7.8,-1.0,641,0.0%
659,Darkest Night: With an Inner Light,0,-1,7.6,-1.0,249,0.0%
660,Darkest Night: On Shifting Winds,0,-1,7.6,-1.0,164,0.0%
661,Darkest Night: Nymph Promo,0,-1,7.3,-1.0,84,0.0%
662,Darkest Night: In Tales of Old,0,-1,7.9,-1.0,92,0.0%
663,Darkest Night: From the Abyss,0,-1,7.8,-1.0,123,0.0%
664,Darkest Night,0,2020,7.1,-1.0,983,0.0%
665,D-Day Dice,0,1184,6.8,7.0,3425,0.0%
666,Cyclades: Titans,0,-1,8.1,-1.0,1766,0.0%
667,Cyclades: Hades,0,-1,8.0,-1.0,2240,0.0%
668,Cyclades,0,183,7.5,-1.0,17824,0.0%
669,Cruel Necessity: The English Civil Wars 1640-1653,0,2198,7.4,-1.0,676,0.0%
670,Crude: The Oil Game,0,2449,6.7,6.0,1069,0.0%
671,Cover Up,0,13226,6.0,5.0,77,0.0%
672,Cosmic Encounter: Cosmic Incursion,0,-1,8.2,7.0,3253,0.0%
673,Cosmic Encounter: Cosmic Conflict,0,-1,8.1,7.0,2035,0.0%
674,Cosmic Encounter,0,144,7.5,7.0,27327,0.0%
675,Cornish Smuggler,0,8189,5.9,7.0,518,0.0%
676,Core Worlds,0,713,7.2,6.0,3962,0.0%
677,Container: The Second Shipment,0,-1,7.3,6.0,298,0.0%
678,Container,0,702,7.2,6.0,4377,0.0%
679,Constantinopolis,0,1817,6.9,6.0,1495,0.0%
680,Concordia,0,18,8.1,-1.0,27940,0.0%
681,Coloretto: The Limit Cards,0,-1,6.5,-1.0,133,0.0%
682,Coloretto: The Extra Cards,0,-1,6.8,-1.0,252,0.0%
683,Coloretto,0,542,7.0,6.0,17960,0.0%
684,Cobra,0,15967,5.7,5.0,37,0.0%
685,The Climbers,0,1270,6.9,6.0,2784,0.0%
686,Climb!,0,14226,5.7,5.0,168,0.0%
687,Claustrophobia: Furor Sanguinis,0,-1,7.7,-1.0,257,0.0%
688,Claustrophobia: De Profundis,0,-1,8.1,7.0,711,0.0%
689,Claustrophobia,0,301,7.5,7.0,6645,0.0%
690,Clash of Rage,0,4553,7.5,-1.0,258,0.0%
691,La Città,0,768,7.0,6.0,5083,0.0%
692,China,0,860,7.0,5.0,4330,0.0%
693,Charon Inc.,0,4847,6.3,-1.0,497,0.0%
694,Chaos in the Old World,0,125,7.7,6.0,14270,0.0%
695,Century: Spice Road,0,250,7.4,-1.0,18492,0.0%
696,Caylus,0,75,7.8,6.0,26766,0.0%
697,Cavum,0,2249,6.7,-1.0,1346,0.0%
698,Caverna: The Cave Farmers,0,30,8.0,8.0,28040,0.0%
699,Caverna: Cave vs Cave,0,607,7.2,-1.0,5034,0.0%
700,The Cave: Additional Cave Tiles,0,-1,7.0,-1.0,101,0.0%
701,The Cave,0,2325,6.5,7.0,1755,0.0%
702,Catan: Seafarers – 5-6 Player Extension,0,-1,7.0,7.0,3924,0.0%
703,Catan: Seafarers,0,-1,7.2,7.0,16346,0.0%
704,Catan: Cities & Knights – 5-6 Player Extension,0,-1,7.1,7.0,3618,0.0%
705,Catan: Cities & Knights,0,-1,7.5,7.0,17116,0.0%
706,Catan: 5-6 Player Extension,0,-1,7.0,6.0,14665,0.0%
707,Catan Card Game,0,960,6.7,6.0,13003,0.0%
708,Catan,0,395,7.2,6.0,101212,0.0%
709,Castles of Mad King Ludwig,0,133,7.6,8.0,22082,0.0%
710,The Castles of Burgundy: 4th Expansion – Monastery Boards,0,-1,7.8,-1.0,773,0.0%
711,The Castles of Burgundy,0,15,8.1,8.0,46330,0.0%
712,Castle Merchants,0,9742,5.8,6.0,358,0.0%
713,A Castle for All Seasons,0,1437,6.7,7.0,2934,0.0%
714,Carpe Astra,0,7491,5.9,-1.0,436,0.0%
715,Carnival Zombie,0,2318,7.1,9.0,762,0.0%
716,Cargo Noir,0,2012,6.5,6.0,2778,0.0%
717,Canalis,0,6478,6.3,-1.0,258,0.0%
718,Canal Mania,0,1960,6.9,6.0,1237,0.0%
719,Call of Cthulhu: The Card Game,0,1258,6.9,5.0,2932,0.0%
720,C3K: Creatures Crossover Cyclades/Kemet,0,-1,7.6,-1.0,571,0.0%
721,Bushido: Der Weg des Kriegers,0,7662,6.2,-1.0,262,0.0%
722,Bullenparty,0,11248,6.0,6.0,124,0.0%
723,A Brief History of the World,0,2333,6.9,6.0,910,0.0%
724,Brass: Lancashire,0,19,8.2,6.0,19333,0.0%
725,The Bottle Imp,0,1350,6.7,8.0,3265,0.0%
726,Borneo,0,16561,5.5,6.0,181,0.0%
727,Blokus Trigon,0,1207,6.9,6.0,2912,0.0%
728,Blokus 3D,0,1183,6.8,7.0,3819,0.0%
729,Blokus,0,646,6.9,6.0,22840,0.0%
730,Black Gold,0,2231,6.9,7.0,1097,0.0%
731,BITS,0,4897,6.4,5.0,408,0.0%
732,Beyond Valor: ASL Module 1,0,-1,8.6,-1.0,1162,0.0%
733,Before the Wind,0,2188,6.7,7.0,1468,0.0%
734,Bausack,0,1142,6.8,5.0,3860,0.0%
735,Battlestar Galactica: The Board Game – Daybreak Expansion,0,-1,8.3,-1.0,1837,0.0%
736,Battlestar Galactica: The Board Game,0,81,7.7,8.0,32861,0.0%
737,Battleship Galaxies,0,2680,6.6,8.0,1206,0.0%
738,Battles of Westeros,0,848,7.3,8.0,2801,0.0%
739,BattleLore: The Hundred Years' War – Crossbows & Polearms,0,-1,7.6,7.0,556,0.0%
740,BattleLore: Scottish Wars,0,-1,7.6,7.0,480,0.0%
741,BattleLore: Horrific Horde,0,-1,7.8,7.0,189,0.0%
742,BattleLore: Heroes Expansion,0,-1,7.3,8.0,268,0.0%
743,BattleLore: Goblin Skirmishers Specialist Pack,0,-1,7.5,7.0,545,0.0%
744,BattleLore: Goblin Marauders Specialist Pack,0,-1,7.5,7.0,513,0.0%
745,BattleLore: For Troll and Country,0,-1,7.0,8.0,296,0.0%
746,BattleLore: Epic BattleLore,0,-1,7.5,7.0,826,0.0%
747,BattleLore: Dwarven Battalion Specialist Pack,0,-1,7.4,7.0,528,0.0%
748,BattleLore: Dragons,0,-1,7.6,8.0,245,0.0%
749,BattleLore: Creatures,0,-1,7.4,8.0,202,0.0%
750,BattleLore: Code of Chivalry,0,-1,7.7,7.0,159,0.0%
751,BattleLore: Call to Arms,0,-1,7.3,7.0,1161,0.0%
752,BattleLore: Bearded Brave,0,-1,7.7,7.0,175,0.0%
753,BattleLore (Second Edition): Warband of Scorn Army Pack,0,-1,8.2,-1.0,389,0.0%
754,BattleLore (Second Edition): Razorwings Reinforcement Pack,0,-1,7.9,-1.0,217,0.0%
755,BattleLore (Second Edition): Mountain Giant Reinforcement Pack,0,-1,7.9,-1.0,222,0.0%
756,BattleLore (Second Edition): Hernfar Guardians Army Pack,0,-1,8.2,-1.0,393,0.0%
757,BattleLore (Second Edition): Heralds of Dreadfall Army Pack,0,-1,8.3,-1.0,354,0.0%
758,BattleLore (Second Edition): Great Dragon Reinforcement Pack,0,-1,7.9,-1.0,231,0.0%
759,BattleLore (Second Edition): Terrors of the Mists Army Pack,0,-1,8.2,-1.0,333,0.0%
760,BattleLore (Second Edition),0,240,7.7,9.0,5628,0.0%
761,BattleLore,0,358,7.4,7.0,9091,0.0%
762,Battlefleet Gothic,0,2388,7.0,-1.0,927,0.0%
763,Barons,0,6852,6.0,-1.0,471,0.0%
764,BANG! 10th Anniversary,0,-1,7.0,8.0,352,0.0%
765,Baltimore & Ohio,0,2484,7.2,-1.0,615,0.0%
766,Azul,0,50,7.8,9.0,53207,0.0%
767,Axis & Allies: WWI 1914,0,2527,7.3,-1.0,773,0.0%
768,Axis & Allies: War at Sea,0,2713,7.1,5.0,735,0.0%
769,Axis & Allies: Pacific,0,2162,6.7,7.0,1911,0.0%
770,Axis & Allies: Europe,0,2244,6.5,7.0,2451,0.0%
771,Axis & Allies: D-Day,0,2653,6.4,6.0,1976,0.0%
772,Axis & Allies: Battle of the Bulge,0,3092,6.7,7.0,788,0.0%
773,Axis & Allies: 1942,0,1622,6.9,7.0,2288,0.0%
774,Axis & Allies: Guadalcanal,0,3139,6.9,6.0,659,0.0%
775,Axis & Allies Pacific 1940,0,1185,7.5,7.0,1632,0.0%
776,Axis & Allies Europe 1940,0,1055,7.6,8.0,1874,0.0%
777,Axis & Allies Anniversary Edition,0,854,7.4,8.0,2593,0.0%
778,Axis & Allies Air Force Miniatures: Angels 20,0,5462,7.2,4.0,194,0.0%
779,Axis & Allies 1941,0,4040,6.4,6.0,1009,0.0%
780,Axis & Allies,0,1334,6.7,7.0,5801,0.0%
781,Axis & Allies,0,1432,6.6,7.0,10290,0.0%
782,Automobile,0,459,7.3,6.0,5365,0.0%
783,Attack!: Expansion,0,-1,6.5,5.0,898,0.0%
784,Attack!,0,6087,5.8,5.0,1830,0.0%
785,Atlantis Rising,0,3051,6.5,7.0,940,0.0%
786,At the Gates of Loyang,0,296,7.4,7.0,9745,0.0%
787,Assyria,0,1783,6.9,-1.0,1591,0.0%
788,Advanced Squad Leader,0,316,8.0,5.0,3486,0.0%
789,Ascension: Deckbuilding Game,0,598,7.0,-1.0,11777,0.0%
790,Asara,0,1091,7.0,-1.0,2649,0.0%
791,Arkham Horror: The Lurker at the Threshold Expansion,0,-1,7.8,8.0,2158,0.0%
792,Arkham Horror: The King in Yellow Expansion,0,-1,7.6,8.0,4105,0.0%
793,Arkham Horror: The Black Goat of the Woods Expansion,0,-1,7.5,8.0,2607,0.0%
794,Arkham Horror: Kingsport Horror Expansion,0,-1,7.5,8.0,3017,0.0%
795,Arkham Horror: Innsmouth Horror Expansion,0,-1,7.9,8.0,3306,0.0%
796,Arkham Horror: Dunwich Horror Expansion,0,-1,7.8,8.0,6201,0.0%
797,Arkham Horror: Curse of the Dark Pharaoh Expansion,0,-1,7.3,8.0,3521,0.0%
798,Argent: The Consortium,0,433,7.7,-1.0,3157,0.0%
799,Arcadia Quest: Zahra,0,-1,7.7,9.0,120,0.0%
800,Arcadia Quest: Yun,0,-1,7.8,7.0,101,0.0%
801,Arcadia Quest: Tiaret & Mittens,0,-1,7.8,7.0,101,0.0%
802,Arcadia Quest: Pets,0,-1,8.3,-1.0,522,0.0%
803,Arcadia Quest: Nibbles,0,-1,8.1,9.0,197,0.0%
804,Arcadia Quest: McHammer,0,-1,7.8,7.0,129,0.0%
805,Arcadia Quest: Leeroy,0,-1,7.7,7.0,113,0.0%
806,Arcadia Quest: Inferno,0,560,8.0,9.0,1928,0.0%
807,Arcadia Quest: Hassan,0,-1,7.9,7.0,114,0.0%
808,Arcadia Quest: Haldor & Brenna,0,-1,7.8,7.0,108,0.0%
809,Arcadia Quest: Frost Dragon,0,-1,7.9,7.0,191,0.0%
810,Arcadia Quest: Farfalla,0,-1,7.7,7.0,87,0.0%
811,Arcadia Quest: Beyond the Grave,0,-1,8.3,9.0,1005,0.0%
812,Arcadia Quest: Aeric,0,-1,7.7,7.0,75,0.0%
813,Arcadia Quest,0,178,7.7,10.0,9136,0.0%
814,Antike,0,771,7.1,6.0,4577,0.0%
815,Android: Netrunner – What Lies Ahead,0,-1,8.1,6.0,1051,0.0%
816,Android: Netrunner – Trace Amount,0,-1,8.1,6.0,887,0.0%
817,Android: Netrunner – Humanity's Shadow,0,-1,8.1,6.0,701,0.0%
818,Android: Netrunner – Future Proof,0,-1,8.2,6.0,692,0.0%
819,Android: Netrunner – Cyber Exodus,0,-1,8.2,6.0,853,0.0%
820,Android: Netrunner – Creation and Control,0,-1,8.2,8.0,1018,0.0%
821,Android: Netrunner – A Study in Static,0,-1,8.1,6.0,744,0.0%
822,Android: Netrunner,0,53,7.9,8.0,26700,0.0%
823,Android,0,1302,6.7,7.0,3723,0.0%
824,Anachrony,0,46,8.1,-1.0,11501,0.0%
825,Amun-Re,0,365,7.3,7.0,8554,0.0%
826,Amerigo,0,360,7.5,9.0,5492,0.0%
827,All Things Zombie: The Boardgame,0,5258,6.2,7.0,548,0.0%
828,Alien Frontiers: The Mind Control Helmet,0,-1,7.2,8.0,419,0.0%
829,Alien Frontiers: Factions,0,-1,7.7,9.0,1466,0.0%
830,Alien Frontiers: Faction Pack #1,0,-1,7.4,9.0,535,0.0%
831,Alhambra: Queenie 1 – The Magical Buildings,0,-1,7.3,-1.0,454,0.0%
832,Alhambra: Big Box,0,-1,7.5,8.0,4193,0.0%
833,Alhambra,0,468,7.0,7.0,28607,0.0%
834,Alea Iacta Est,0,1625,6.6,6.0,2674,0.0%
835,Alchemists,0,110,7.7,6.0,18203,0.0%
836,Airlines Europe,0,419,7.3,6.0,6809,0.0%
837,Agricola: The Goodies Expansion,0,-1,7.4,7.0,947,0.0%
838,Agricola: Ö-Deck,0,-1,7.0,6.0,464,0.0%
839,Agricola: L-Deck,0,-1,5.7,6.0,274,0.0%
840,Agricola: Gamers' Deck,0,-1,7.8,6.0,859,0.0%
841,Agricola: Farmers of the Moor,0,-1,8.1,7.0,5599,0.0%
842,Agricola Z-Deck,0,-1,6.7,6.0,978,0.0%
843,Agricola X-Deck,0,-1,6.2,6.0,664,0.0%
844,Agricola,0,31,7.9,8.0,63367,0.0%
845,Age of Steam,0,118,7.8,6.0,8840,0.0%
846,Age of Industry,0,701,7.4,6.0,2855,0.0%
847,Age of Empires III: The Age of Discovery,0,216,7.5,7.0,9813,0.0%
848,The Adventurers: The Pyramid of Horus,0,1710,6.8,7.0,1948,0.0%
849,Acquire,0,276,7.3,6.0,18189,0.0%
850,Above and Below: Groves,0,-1,7.1,-1.0,209,0.0%
851,A la carte,0,1917,6.5,-1.0,3077,0.0%
852,"The 7th Continent: What Goes Up, Must Come Down",0,-1,8.6,-1.0,1242,0.0%
853,The 7th Continent,0,32,8.2,-1.0,16777,0.0%
854,7 Wonders: Wonder Pack,0,-1,7.6,-1.0,5176,0.0%
855,7 Wonders: Leaders,0,-1,7.8,6.0,13462,0.0%
856,7 Wonders: Cities,0,-1,7.8,7.0,9838,0.0%
857,7 Wonders: Babel,0,-1,7.0,-1.0,3636,0.0%
858,7 Wonders Duel,0,17,8.1,8.0,59932,0.0%
859,7 Wonders,0,60,7.8,7.0,84104,0.0%
860,20th Century,0,1678,6.9,5.0,1699,0.0%
861,1989: Dawn of Freedom,0,600,7.8,5.0,2040,0.0%
862,11 nimmt!,0,3057,6.3,6.0,1462,0.0%
